num_frames: 200
frame_width: 1024
frame_height: 1024

n: "Interpolate(0, 199, 10, 10000, t)"
dt: 10000

pmos:
  r:
    cr: 255
    cg: 0
    cb: 0
    px: 341.333333
    py: 341.333333
    m: 15000.0
    r: 32.0
  g:
    cr: 0
    cg: 255
    cb: 0
    px: 682.666666
    py: 341.333333
    m: 15000.0
    r: 32.0
  b:
    cr: 0
    cg: 0
    cb: 255
    px: 341.333333
    py: 682.666666
    m: 15000.0
    r: 32.0
  y:
    cr: 255
    cg: 255
    cb: 0
    px: 682.666666
    py: 682.666666
    m: 15000.0
    r: 32.0